1080301
150800
268415
1288256
762124
4337884
1493
20130824
1076622
82290
4253
496135
572006
472698
2821074
192695
405801
830775
912800
26362
400977
4980482
69546
55744
3014257
31374
433563
1033805
388
2361294
342265
29619
143960
81128
161795
4511543
45701
869874
215959
125778
382986
114030
562210
1520556
116330
324350
1372624
1375
1985744
309154
505561
16127
27401
107159
4474751
36043
19353
20716
451803
767
55890
56547
52334
746657
184980
311280
115039
1080290
868
1906546
53700
440027
38402
579994
99349
72775
3220965
2403
599340
1950203
19141
6090256
275198
3090626
23657
935575
142995
113730
247810
15305650
1445092
175907
50111
28806
724225
1270161
262622
60728
1707522
27233
